255 255 255 255 255 255 255 255 255 255 255 255 255 255 255 255
255 255 255 255 255 255 255 255 255 255 255 255 255 255 255 255
255 255   0   0   0   0   0   0   0   0   0   0   0   0 255 255
255 255   0   0   0   0   0   0   0   0   0   0   0   0 255 255
255 255   0   0   0   0   0   0   0   0   0   0   0   0 255 255
255 255   0   0   0 208 255 255 224 255 208   0   0   0 255 255
255 255   0   0   0 255 231 162 162 231 255   0   0   0 255 255
255 255   0   0   0 162 255 255  96 255 255   0   0   0 255 255
255 255   0   0   0 162 162 255 255 255 162   0   0   0 255 255
255 255   0   0   0 255 231 162 223 254 238   0   0   0 255 255
255 255   0   0   0 208 255 224 255 183 237   0   0   0 255 255
255 255   0   0   0   0   0   0   0   0   0   0   0   0 255 255
255 255   0   0   0   0   0   0   0   0   0   0   0   0 255 255
255 255   0   0   0   0   0   0   0   0   0   0   0   0 255 255
255 255 255 255 255 255 255 255 255 255 255 255 255 255 255 255
255 255 255 255 255 255 255 255 255 255 255 255 255 255 255 255
255 255 255 255 255 255 255 255 255 255 255 255 255 255 255 255
255 255 255 255 255 255 255 255 255 255 255 255 255 255 255 255
255 255   0   0   0   0   0   0   0   0   0   0   0   0 255 255
255 255   0   0   0   0   0   0   0   0   0   0   0   0 255 255
255 255   0   0   0   0   0   0   0   0   0   0   0   0 255 255
255 255   0   0   0 208 255 255 224 255 208   0   0   0 255 255
255 255   0   0   0 255 231 162 162 231 255   0   0   0 255 255
255 255   0   0   0 162 255 255  96 255 255   0   0   0 255 255
255 255   0   0   0 162 162 255 255 255 162   0   0   0 255 255
255 255   0   0   0 255 231 162 223 254 238   0   0   0 255 255
255 255   0   0   0 208 255 224 255 183 237   0   0   0 255 255
255 255   0   0   0   0   0   0   0   0   0   0   0   0 255 255
255 255   0   0   0   0   0   0   0   0   0   0   0   0 255 255
255 255   0   0   0   0   0   0   0   0   0   0   0   0 255 255
255 255 255 255 255 255 255 255 255 255 255 255 255 255 255 255
255 255 255 255 255 255 255 255 255 255 255 255 255 255 255 255
255 255 255 255 255 255 255 255 255 255 255 255 255 255 255 255
255 255 255 255 255 255 255 255 255 255 255 255 255 255 255 255
255 255   0   0   0   0   0   0   0   0   0   0   0   0 255 255
255 255   0   0   0   0   0   0   0   0   0   0   0   0 255 255
255 255   0   0   0   0   0   0   0   0   0   0   0   0 255 255
255 255   0   0   0 208 255 255 224 255 208   0   0   0 255 255
255 255   0   0   0 255 231 162 162 231 255   0   0   0 255 255
255 255   0   0   0 162 255 255  96 255 255   0   0   0 255 255
255 255   0   0   0 162 162 255 255 255 162   0   0   0 255 255
255 255   0   0   0 255 231 162 223 254 238   0   0   0 255 255
255 255   0   0   0 208 255 224 255 183 237   0   0   0 255 255
255 255   0   0   0   0   0   0   0   0   0   0   0   0 255 255
255 255   0   0   0   0   0   0   0   0   0   0   0   0 255 255
255 255   0   0   0   0   0   0   0   0   0   0   0   0 255 255
255 255 255 255 255 255 255 255 255 255 255 255 255 255 255 255
255 255 255 255 255 255 255 255 255 255 255 255 255 255 255 255

255 255 255 255 255 255 255 255 255 255 255 255 255 255 255 255
255 214 153 153 153 153 153 153 153 153 153 153 153 153 214 255
255 153   0   0   0   0   0   0   0   0   0   0   0   0 153 255
255 153   0   0   0   0   0   0   0   0   0   0   0   0 153 255
255 153   0   0  10  51  51  51  51  51  51  10   0   0 153 255
255 153   0   0  51 194 199 203 202 221 226  51   0   0 153 255
255 153   0   0  51 203 180 179 179 175 212  51   0   0 153 255
255 153   0   0  51 213 193 189 183 199 221  51   0   0 153 255
255 153   0   0  51 230 184 199 177 184 211  51   0   0 153 255
255 153   0   0  51 196 176 194 176 180 200  51   0   0 153 255
255 153   0   0  51 194 200 201 213 200 194  51   0   0 153 255
255 153   0   0  10  51  51  51  51  51  51  10   0   0 153 255
255 153   0   0   0   0   0   0   0   0   0   0   0   0 153 255
255 153   0   0   0   0   0   0   0   0   0   0   0   0 153 255
255 214 153 153 153 153 153 153 153 153 153 153 153 153 214 255
255 255 255 255 255 255 255 255 255 255 255 255 255 255 255 255
255 255 255 255 255 255 255 255 255 255 255 255 255 255 255 255
255 214 153 153 153 153 153 153 153 153 153 153 153 153 214 255
255 153   0   0   0   0   0   0   0   0   0   0   0   0 153 255
255 153   0   0   0   0   0   0   0   0   0   0   0   0 153 255
255 153   0   0  10  51  51  51  51  51  51  10   0   0 153 255
255 153   0   0  51 194 199 203 202 221 226  51   0   0 153 255
255 153   0   0  51 203 180 179 179 175 212  51   0   0 153 255
255 153   0   0  51 213 193 189 183 199 221  51   0   0 153 255
255 153   0   0  51 230 184 199 177 184 211  51   0   0 153 255
255 153   0   0  51 196 176 194 176 180 200  51   0   0 153 255
255 153   0   0  51 194 200 201 213 200 194  51   0   0 153 255
255 153   0   0  10  51  51  51  51  51  51  10   0   0 153 255
255 153   0   0   0   0   0   0   0   0   0   0   0   0 153 255
255 153   0   0   0   0   0   0   0   0   0   0   0   0 153 255
255 214 153 153 153 153 153 153 153 153 153 153 153 153 214 255
255 255 255 255 255 255 255 255 255 255 255 255 255 255 255 255
255 255 255 255 255 255 255 255 255 255 255 255 255 255 255 255
255 214 153 153 153 153 153 153 153 153 153 153 153 153 214 255
255 153   0   0   0   0   0   0   0   0   0   0   0   0 153 255
255 153   0   0   0   0   0   0   0   0   0   0   0   0 153 255
255 153   0   0  10  51  51  51  51  51  51  10   0   0 153 255
255 153   0   0  51 194 199 203 202 221 226  51   0   0 153 255
255 153   0   0  51 203 180 179 179 175 212  51   0   0 153 255
255 153   0   0  51 213 193 189 183 199 221  51   0   0 153 255
255 153   0   0  51 230 184 199 177 184 211  51   0   0 153 255
255 153   0   0  51 196 176 194 176 180 200  51   0   0 153 255
255 153   0   0  51 194 200 201 213 200 194  51   0   0 153 255
255 153   0   0  10  51  51  51  51  51  51  10   0   0 153 255
255 153   0   0   0   0   0   0   0   0   0   0   0   0 153 255
255 153   0   0   0   0   0   0   0   0   0   0   0   0 153 255
255 214 153 153 153 153 153 153 153 153 153 153 153 153 214 255
255 255 255 255 255 255 255 255 255 255 255 255 255 255 255 255

255 255 255 255 255 255 255 255 255 255 255 255 255 255 255 255
255 214 153 153 153 153 153 153 153 153 153 153 153 153 214 255
255 153   0   0   0   0   0   0   0   0   0   0   0   0 153 255
255 153   0   0   0   0   0   0   0   0   0   0   0   0 153 255
255 153   0   0  10  51  51  51  51  51  51  10   0   0 153 255
255 153   0   0  51 226 212 221 211 200 194  51   0   0 153 255
255 153   0   0  51 221 175 199 184 180 200  51   0   0 153 255
255 153   0   0  51 202 179 183 177 176 213  51   0   0 153 255
255 153   0   0  51 203 179 189 199 194 201  51   0   0 153 255
255 153   0   0  51 199 180 193 184 176 200  51   0   0 153 255
255 153   0   0  51 194 203 213 230 196 194  51   0   0 153 255
255 153   0   0  10  51  51  51  51  51  51  10   0   0 153 255
255 153   0   0   0   0   0   0   0   0   0   0   0   0 153 255
255 153   0   0   0   0   0   0   0   0   0   0   0   0 153 255
255 214 153 153 153 153 153 153 153 153 153 153 153 153 214 255
255 255 255 255 255 255 255 255 255 255 255 255 255 255 255 255
255 255 255 255 255 255 255 255 255 255 255 255 255 255 255 255
255 214 153 153 153 153 153 153 153 153 153 153 153 153 214 255
255 153   0   0   0   0   0   0   0   0   0   0   0   0 153 255
255 153   0   0   0   0   0   0   0   0   0   0   0   0 153 255
255 153   0   0  10  51  51  51  51  51  51  10   0   0 153 255
255 153   0   0  51 226 212 221 211 200 194  51   0   0 153 255
255 153   0   0  51 221 175 199 184 180 200  51   0   0 153 255
255 153   0   0  51 202 179 183 177 176 213  51   0   0 153 255
255 153   0   0  51 203 179 189 199 194 201  51   0   0 153 255
255 153   0   0  51 199 180 193 184 176 200  51   0   0 153 255
255 153   0   0  51 194 203 213 230 196 194  51   0   0 153 255
255 153   0   0  10  51  51  51  51  51  51  10   0   0 153 255
255 153   0   0   0   0   0   0   0   0   0   0   0   0 153 255
255 153   0   0   0   0   0   0   0   0   0   0   0   0 153 255
255 214 153 153 153 153 153 153 153 153 153 153 153 153 214 255
255 255 255 255 255 255 255 255 255 255 255 255 255 255 255 255
255 255 255 255 255 255 255 255 255 255 255 255 255 255 255 255
255 214 153 153 153 153 153 153 153 153 153 153 153 153 214 255
255 153   0   0   0   0   0   0   0   0   0   0   0   0 153 255
255 153   0   0   0   0   0   0   0   0   0   0   0   0 153 255
255 153   0   0  10  51  51  51  51  51  51  10   0   0 153 255
255 153   0   0  51 226 212 221 211 200 194  51   0   0 153 255
255 153   0   0  51 221 175 199 184 180 200  51   0   0 153 255
255 153   0   0  51 202 179 183 177 176 213  51   0   0 153 255
255 153   0   0  51 203 179 189 199 194 201  51   0   0 153 255
255 153   0   0  51 199 180 193 184 176 200  51   0   0 153 255
255 153   0   0  51 194 203 213 230 196 194  51   0   0 153 255
255 153   0   0  10  51  51  51  51  51  51  10   0   0 153 255
255 153   0   0   0   0   0   0   0   0   0   0   0   0 153 255
255 153   0   0   0   0   0   0   0   0   0   0   0   0 153 255
255 214 153 153 153 153 153 153 153 153 153 153 153 153 214 255
255 255 255 255 255 255 255 255 255 255 255 255 255 255 255 255

255 255 255 255 255 255 255 255 255 255 255 255 255 255 255 255
255 214 153 153 153 153 153 153 153 153 153 153 153 153 214 255
255 153   0   0   0   0   0   0   0   0   0   0   0   0 153 255
255 153   0   0   0   0   0   0   0   0   0   0   0   0 153 255
255 153   0   0  10  51  51  51  51  51  51  10   0   0 153 255
255 153   0   0  51 194 200 213 201 200 194  51   0   0 153 255
255 153   0   0  51 200 180 176 194 176 196  51   0   0 153 255
255 153   0   0  51 211 184 177 199 184 230  51   0   0 153 255
255 153   0   0  51 221 199 183 189 193 213  51   0   0 153 255
255 153   0   0  51 212 175 179 179 180 203  51   0   0 153 255
255 153   0   0  51 226 221 202 203 199 194  51   0   0 153 255
255 153   0   0  10  51  51  51  51  51  51  10   0   0 153 255
255 153   0   0   0   0   0   0   0   0   0   0   0   0 153 255
255 153   0   0   0   0   0   0   0   0   0   0   0   0 153 255
255 214 153 153 153 153 153 153 153 153 153 153 153 153 214 255
255 255 255 255 255 255 255 255 255 255 255 255 255 255 255 255
255 255 255 255 255 255 255 255 255 255 255 255 255 255 255 255
255 214 153 153 153 153 153 153 153 153 153 153 153 153 214 255
255 153   0   0   0   0   0   0   0   0   0   0   0   0 153 255
255 153   0   0   0   0   0   0   0   0   0   0   0   0 153 255
255 153   0   0  10  51  51  51  51  51  51  10   0   0 153 255
255 153   0   0  51 194 200 213 201 200 194  51   0   0 153 255
255 153   0   0  51 200 180 176 194 176 196  51   0   0 153 255
255 153   0   0  51 211 184 177 199 184 230  51   0   0 153 255
255 153   0   0  51 221 199 183 189 193 213  51   0   0 153 255
255 153   0   0  51 212 175 179 179 180 203  51   0   0 153 255
255 153   0   0  51 226 221 202 203 199 194  51   0   0 153 255
255 153   0   0  10  51  51  51  51  51  51  10   0   0 153 255
255 153   0   0   0   0   0   0   0   0   0   0   0   0 153 255
255 153   0   0   0   0   0   0   0   0   0   0   0   0 153 255
255 214 153 153 153 153 153 153 153 153 153 153 153 153 214 255
255 255 255 255 255 255 255 255 255 255 255 255 255 255 255 255
255 255 255 255 255 255 255 255 255 255 255 255 255 255 255 255
255 214 153 153 153 153 153 153 153 153 153 153 153 153 214 255
255 153   0   0   0   0   0   0   0   0   0   0   0   0 153 255
255 153   0   0   0   0   0   0   0   0   0   0   0   0 153 255
255 153   0   0  10  51  51  51  51  51  51  10   0   0 153 255
255 153   0   0  51 194 200 213 201 200 194  51   0   0 153 255
255 153   0   0  51 200 180 176 194 176 196  51   0   0 153 255
255 153   0   0  51 211 184 177 199 184 230  51   0   0 153 255
255 153   0   0  51 221 199 183 189 193 213  51   0   0 153 255
255 153   0   0  51 212 175 179 179 180 203  51   0   0 153 255
255 153   0   0  51 226 221 202 203 199 194  51   0   0 153 255
255 153   0   0  10  51  51  51  51  51  51  10   0   0 153 255
255 153   0   0   0   0   0   0   0   0   0   0   0   0 153 255
255 153   0   0   0   0   0   0   0   0   0   0   0   0 153 255
255 214 153 153 153 153 153 153 153 153 153 153 153 153 214 255
255 255 255 255 255 255 255 255 255 255 255 255 255 255 255 255
